16
 1.  1.  1.  1.
 1.  1.  1. -1.
 1.  1. -1. -1.
 1.  1. -1.  1.
 1. -1.  1.  1.
 1. -1.  1. -1.
 1. -1. -1. -1.
 1. -1. -1.  1.
-1.  1.  1.  1.
-1.  1.  1. -1.
-1.  1. -1. -1.
-1.  1. -1.  1.
-1. -1.  1.  1.
-1. -1.  1. -1.
-1. -1. -1. -1.
-1. -1. -1.  1.

32

0 1
1 2
2 3
3 0

0 4
1 5
2 6
3 7

4 5
5 6
6 7
7 4

0 8
1 9
2 10
3 11
4 12
5 13
6 14
7 15

8 9
9 10
10 11
11 8

8 12
9 13
10 14
11 15

12 13
13 14
14 15
15 12

8

0 1 2 3 4 5 6 7 -1
1 2 6 5 9 10 14 13 -1
2 6 14 10 3 7 15 11 -1
6 14 15 7 5 13 12 4 -1
14 15 12 13 10 11 8 9 -1
15 12 8 11 7 4 0 3 -1
12 8 0 4 15 11 3 7 -1
8 0 1 9 12 4 5 13 -1
